# Elapsed time   CPU (%)     Real (MB)   Virtual (MB)
       0.000        0.000       45.625      396.531
       1.000      100.000       45.625      396.531
       2.001      100.000       45.625      396.531
       3.001      100.000       45.625      396.531
       4.001      100.000       45.625      396.531
       5.002      100.000       45.625      396.531
       6.002       99.000       45.625      396.531
       7.002      100.000       45.625      396.531
       8.003      100.000       45.625      396.531
       9.003      100.000       45.625      396.531
      10.003      100.000       45.625      396.531
      11.004      100.000       45.625      396.531
      12.004      100.000       45.625      396.531
      13.004      100.000       45.625      396.531
      14.005      100.000       45.625      396.531
      15.005       99.000       45.625      396.531
      16.005      100.000       45.625      396.531
      17.005      100.000       45.625      396.531
      18.006      100.000       45.625      396.531
      19.006      100.000       45.625      396.531
      20.006      100.000       45.625      396.531
      21.007      100.000       45.625      396.531
      22.007      100.000       45.625      396.531
      23.007       99.000       45.625      396.531
      24.007      100.000       45.625      396.531
      25.008      100.000       45.625      396.531
      26.008      100.000       45.625      396.531
      27.008      100.000       45.625      396.531
      28.009      100.000       45.625      396.531
      29.009      100.000       45.625      396.531
      30.009      100.000       45.625      396.531
      31.010      100.000       45.625      396.531
      32.010       99.000       45.625      396.531
      33.010      100.000       45.625      396.531
      34.010      100.000       45.625      396.531
      35.011      100.000       45.625      396.531
      36.011      100.000       45.625      396.531
      37.011      100.000       45.625      396.531
      38.012      100.000       45.625      396.531
      39.012      100.000       45.625      396.531
      40.012       99.000       45.625      396.531
      41.012      100.000       45.625      396.531
      42.013      100.000       45.625      396.531
      43.013      100.000       45.625      396.531
      44.013      100.000       45.625      396.531
      45.014      100.000       45.625      396.531
      46.014      100.000       45.625      396.531
      47.014      100.000       45.625      396.531
      48.015      100.000       45.625      396.531
      49.015       99.000       45.625      396.531
      50.015      100.000       45.625      396.531
      51.016      100.000       45.625      396.531
      52.016      100.000       45.625      396.531
      53.016      100.000       45.625      396.531
      54.016      100.000       45.625      396.531
      55.017      100.000       45.625      396.531
      56.017      100.000       45.625      396.531
      57.017       99.000       45.625      396.531
      58.018      100.000       45.625      396.531
      59.018      100.000       45.625      396.531
      60.018      100.000       45.625      396.531
      61.019      100.000       45.625      396.531
      62.019      100.000       45.625      396.531
      63.019      100.000       45.625      396.531
      64.019      100.000       45.625      396.531
      65.020       99.000       45.625      396.531
      66.020      100.000       45.625      396.531
      67.020      100.000       45.625      396.531
      68.021      100.000       45.625      396.531
      69.021      100.000       45.625      396.531
      70.021      100.000       45.625      396.531
      71.022      100.000       45.625      396.531
      72.022      100.000       45.625      396.531
      73.022       99.000       45.625      396.531
      74.022      100.000       45.625      396.531
      75.023      100.000       45.625      396.531
      76.023      100.000       45.625      396.531
      77.023      100.000       45.625      396.531
      78.024      100.000       45.625      396.531
      79.024      100.000       45.625      396.531
      80.024       99.000       45.625      396.531
      81.025      100.000       45.625      396.531
      82.025      100.000       45.625      396.531
      83.025      100.000       45.625      396.531
      84.025      100.000       45.625      396.531
      85.026      100.000       45.625      396.531
      86.026      100.000       45.625      396.531
      87.026      100.000       45.625      396.531
      88.027       99.000       45.625      396.531
      89.027      100.000       45.625      396.531
      90.027      100.000       45.625      396.531
      91.028      100.000       45.625      396.531
      92.028      100.000       45.625      396.531
      93.028      100.000       45.625      396.531
      94.029      100.000       45.625      396.531
      95.029      100.000       45.625      396.531
      96.029       99.000       45.625      396.531
      97.029      100.000       45.625      396.531
      98.030      100.000       45.625      396.531
      99.030      100.000       45.625      396.531
     100.030      100.000       45.625      396.531
     101.031      100.000       45.625      396.531
     102.031      100.000       45.625      396.531
     103.031      100.000       45.625      396.531
     104.032      100.000       45.625      396.531
     105.032       99.000       45.625      396.531
     106.032      100.000       45.875      460.531
     107.033      100.000       45.875      460.531
     108.033      100.000       45.875      460.531
     109.033      100.000       45.875      460.531
     110.033      100.000       45.875      460.531
     111.034      100.000       45.875      460.531
     112.034      100.000       45.875      460.531
     113.034       99.000       45.875      460.531
     114.035      100.000       45.875      460.531
     115.035      100.000       45.875      460.531
     116.035      100.000       45.875      460.531
     117.036      100.000       45.875      460.531
     118.036      100.000       45.875      460.531
     119.036      100.000       45.875      460.531
     120.037      100.000       45.875      460.531
     121.037       99.000       45.875      460.531
     122.037      100.000       45.875      460.531
     123.038      100.000       45.875      460.531
     124.038      100.000       45.875      460.531
     125.038      100.000       45.875      460.531
     126.038      100.000       45.875      460.531
     127.039      100.000       45.875      460.531
     128.039       99.000       45.875      460.531
     129.039      100.000       45.875      460.531
     130.040      100.000       45.875      460.531
     131.040      100.000       45.875      460.531
     132.040      100.000       45.875      460.531
     133.041      100.000       45.875      460.531
     134.041      100.000       45.875      460.531
     135.041       99.000       45.875      460.531
     136.042      100.000       45.875      460.531
     137.042      100.000       45.875      460.531
     138.042      100.000       45.875      460.531
     139.042      100.000       45.875      460.531
     140.043      100.000       45.875      460.531
     141.043      100.000       45.875      460.531
     142.043      100.000       45.875      460.531
     143.044       99.000       45.875      460.531
     144.044      100.000       45.875      460.531
     145.044      100.000       45.875      460.531
     146.045      100.000       45.875      460.531
     147.045      100.000       45.875      460.531
     148.045      100.000       45.875      460.531
     149.046      100.000       45.875      460.531
     150.046       99.000       45.875      460.531
     151.046      100.000       45.875      460.531
     152.047      100.000       45.875      460.531
     153.047      100.000       45.875      460.531
     154.047      100.000       45.875      460.531
     155.048      100.000       45.875      460.531
     156.048      100.000       45.875      460.531
     157.048      100.000       45.875      460.531
     158.049       99.000       45.875      460.531
     159.049      100.000       45.875      460.531
     160.049      100.000       45.875      460.531
     161.050      100.000       45.875      460.531
     162.050      100.000       45.875      460.531
     163.050      100.000       45.875      460.531
     164.050      100.000       45.875      460.531
     165.051      100.000       45.875      460.531
     166.051       99.000       45.875      460.531
     167.051      100.000       45.875      460.531
     168.052      100.000       45.875      460.531
     169.052      100.000       45.875      460.531
     170.052      100.000       45.875      460.531
     171.053      100.000       45.875      460.531
     172.053      100.000       45.875      460.531
     173.053       99.000       45.875      460.531
     174.054      100.000       45.875      460.531
     175.054      100.000       45.875      460.531
     176.054      100.000       45.875      460.531
     177.055      100.000       45.875      460.531
