# Elapsed time   CPU (%)     Real (MB)   Virtual (MB)
       0.000        0.000       45.500      396.535
       1.000      100.000       45.500      396.535
       2.001      100.000       45.500      396.535
       3.001      100.000       45.500      396.535
       4.001       99.000       45.500      396.535
       5.002      100.000       45.500      396.535
       6.002      100.000       45.500      396.535
       7.002      100.000       45.500      396.535
       8.003      100.000       45.500      396.535
       9.003      100.000       45.500      396.535
      10.003      100.000       45.500      396.535
      11.004       99.000       45.500      396.535
      12.004      100.000       45.500      396.535
      13.004      100.000       45.500      396.535
      14.005      100.000       45.500      396.535
      15.005      100.000       45.500      396.535
      16.005      100.000       45.500      396.535
      17.006      100.000       45.500      396.535
      18.006       99.000       45.500      396.535
      19.006      100.000       45.500      396.535
      20.007      100.000       45.500      396.535
      21.007      100.000       45.500      396.535
      22.008      100.000       45.500      396.535
      23.008      100.000       45.500      396.535
      24.008      100.000       45.500      396.535
      25.008      100.000       45.500      396.535
      26.009       99.000       45.500      396.535
      27.009      100.000       45.500      396.535
      28.009      100.000       45.500      396.535
      29.010      100.000       45.500      396.535
      30.010      100.000       45.500      396.535
      31.010      100.000       45.500      396.535
      32.011      100.000       45.500      396.535
      33.011      100.000       45.500      396.535
      34.011      100.000       45.500      396.535
      35.012       99.000       45.500      396.535
      36.012      100.000       45.500      396.535
      37.012      100.000       45.500      396.535
      38.013      100.000       45.500      396.535
      39.013      100.000       45.500      396.535
      40.013      100.000       45.500      396.535
      41.014      100.000       45.500      396.535
      42.014      100.000       45.500      396.535
      43.014      100.000       45.500      396.535
      44.015       99.000       45.500      396.535
      45.015      100.000       45.500      396.535
      46.015      100.000       45.500      396.535
      47.016      100.000       45.500      396.535
      48.016      100.000       45.500      396.535
      49.016      100.000       45.500      396.535
      50.017      100.000       45.500      396.535
      51.017      100.000       45.500      396.535
      52.017      100.000       45.500      396.535
      53.018       99.000       45.500      396.535
      54.018      100.000       45.500      396.535
      55.018      100.000       45.500      396.535
      56.019      100.000       45.500      396.535
      57.019      100.000       45.500      396.535
      58.019      100.000       45.500      396.535
      59.020      100.000       45.500      396.535
      60.020      100.000       45.500      396.535
      61.020      100.000       45.500      396.535
      62.021       99.000       45.500      396.535
      63.021      100.000       45.500      396.535
      64.021      100.000       45.500      396.535
      65.022      100.000       45.500      396.535
      66.022      100.000       45.500      396.535
      67.022      100.000       45.500      396.535
      68.023      100.000       45.500      396.535
      69.023      100.000       45.500      396.535
      70.023      100.000       45.500      396.535
      71.024       99.000       45.500      396.535
      72.024      100.000       45.500      396.535
      73.024      100.000       45.500      396.535
      74.025      100.000       45.500      396.535
      75.025      100.000       45.500      396.535
      76.025      100.000       45.500      396.535
      77.026      100.000       45.500      396.535
      78.026      100.000       45.500      396.535
      79.026       99.000       45.500      396.535
      80.027      100.000       45.500      396.535
      81.027      100.000       45.500      396.535
      82.027      100.000       45.500      396.535
      83.028      100.000       45.500      396.535
      84.028      100.000       45.500      396.535
      85.028      100.000       45.500      396.535
      86.029      100.000       45.500      396.535
      87.029      100.000       45.500      396.535
      88.029       99.000       45.500      396.535
      89.030      100.000       45.500      396.535
      90.030      100.000       45.500      396.535
      91.030      100.000       45.500      396.535
      92.031      100.000       45.500      396.535
      93.031      100.000       45.500      396.535
      94.031       99.900       45.500      396.535
      95.032       99.000       45.500      396.535
      96.032      100.000       45.500      396.535
      97.033      100.000       45.500      396.535
      98.033      100.000       45.500      396.535
      99.033      100.000       45.500      396.535
     100.034      100.000       45.500      396.535
     101.034       99.000       45.500      396.535
     102.034      100.000       45.500      396.535
     103.035       99.000       45.500      396.535
     104.035      100.000       45.500      396.535
     105.035      100.000       45.500      396.535
     106.035      100.000       45.500      396.535
     107.036      100.000       45.875      460.535
     108.036       99.000       45.875      460.535
     109.036      100.000       45.875      460.535
     110.037       99.000       45.875      460.535
     111.037      100.000       45.875      460.535
     112.038      100.000       45.875      460.535
     113.038      100.000       45.875      460.535
     114.038       99.000       45.875      460.535
     115.039      100.000       45.875      460.535
     116.039      100.000       45.875      460.535
     117.039       99.000       45.875      460.535
     118.040      100.000       45.875      460.535
     119.040      100.000       45.875      460.535
     120.040      100.000       45.875      460.535
     121.041       99.000       45.875      460.535
     122.041      100.000       45.875      460.535
     123.041      100.000       45.875      460.535
     124.041       99.000       45.875      460.535
     125.042      100.000       45.875      460.535
     126.042      100.000       45.875      460.535
     127.043      100.000       45.875      460.535
     128.043       99.000       45.875      460.535
     129.043      100.000       45.875      460.535
     130.043      100.000       45.875      460.535
     131.044      100.000       45.875      460.535
     132.044      100.000       45.875      460.535
     133.044       99.000       45.875      460.535
     134.045      100.000       45.875      460.535
     135.045      100.000       45.875      460.535
     136.045      100.000       45.875      460.535
     137.046      100.000       45.875      460.535
     138.046      100.000       45.875      460.535
     139.046      100.000       45.875      460.535
     140.047      100.000       45.875      460.535
     141.047       99.000       45.875      460.535
     142.047      100.000       45.875      460.535
     143.048      100.000       45.875      460.535
     144.048      100.000       45.875      460.535
     145.048      100.000       45.875      460.535
     146.049      100.000       45.875      460.535
     147.049      100.000       45.875      460.535
     148.049       99.000       45.875      460.535
     149.050      100.000       45.875      460.535
     150.050      100.000       45.875      460.535
     151.050      100.000       45.875      460.535
     152.051      100.000       45.875      460.535
     153.051       99.000       45.875      460.535
     154.051      100.000       45.875      460.535
     155.052      100.000       45.875      460.535
     156.052      100.000       45.875      460.535
     157.052      100.000       45.875      460.535
     158.053       99.000       45.875      460.535
     159.053      100.000       45.875      460.535
     160.053      100.000       45.875      460.535
     161.053      100.000       45.875      460.535
     162.054       99.000       45.875      460.535
     163.054      100.000       45.875      460.535
     164.054      100.000       45.875      460.535
     165.055      100.000       45.875      460.535
     166.055      100.000       45.875      460.535
     167.056       99.000       45.875      460.535
     168.056      100.000       45.875      460.535
     169.056      100.000       45.875      460.535
     170.056      100.000       45.875      460.535
     171.057      100.000       45.875      460.535
     172.057      100.000       45.875      460.535
     173.057       99.000       45.875      460.535
     174.058      100.000       45.875      460.535
     175.058      100.000       45.875      460.535
     176.058      100.000       45.875      460.535
     177.059      100.000       45.875      460.535
     178.059      100.000       45.875      460.535
     179.059      100.000       45.875      460.535
     180.060       99.000       45.875      460.535
     181.060      100.000       45.875      460.535
     182.060      100.000       45.875      460.535
     183.061      100.000       45.875      460.535
     184.061      100.000       45.875      460.535
     185.061      100.000       45.875      460.535
